PTRE   -69.574329  -18.194289  3608.1
CHYT   -70.342083  -18.370822    62.3
PCCL   -70.106744  -18.457674  1143.8
IACR   -70.332852  -18.479748    46.1
UTAR   -70.296501  -18.490642    87.6
CMRC   -70.328172  -18.614239   885.7
MNMI   -69.595659  -19.131407  2351.0
COLC   -68.638615  -19.276234  3755.0
ATJN   -70.136756  -19.300817  1598.0
PSGA   -70.123019  -19.597378  1003.0
CHM2   -69.194166  -19.668537  3784.0
PB11   -69.655747  -19.761279  1394.7
PCHA   -69.432068  -19.869459  1683.1
PB08   -69.160949  -20.142982  3059.7
CGTC   -70.068971  -20.177125  1238.9
UAPE   -70.141259  -20.242999    56.1
UAPF   -70.141388  -20.243055    46.1
IQQE   -70.131718  -20.273540    39.0
PICC   -69.334618  -20.489842  1362.5
AEDA   -70.177657  -20.546210    90.2
GTA1   -70.180737  -20.565688   107.8
TA02   -70.180738  -20.565689   NaN
PATH   -70.152404  -20.820781   873.3
CRSC   -70.079781  -20.917674  1517.9
CLLA   -69.356640  -20.954480  1554.8
PB01   -69.487864  -21.043526   965.7
PB02   -69.892827  -21.315255   NaN
ELOA   -70.056793  -21.424887    46.0
MICA   -69.827275  -21.714757  1675.9
CTLR   -70.096824  -21.964205  2281.7
PB07   -69.886045  -21.726894  1617.9
PB03   -69.751977  -22.048930  1538.8
RADO   -68.926803  -22.082919   NaN
GMIN   -68.880137  -22.276610  3218.7
CCOB   -68.854445  -22.326843  2733.5
PB04   -70.149733  -22.335019  1613.2
GMLA   -68.931419  -22.483389  2295.7
PB06   -69.572145  -22.705962  1483.5
MCLA   -70.247502  -22.745836  1035.0
CBAA   -68.448149  -22.746369  3515.3
PB05   -70.203021  -22.853242  1199.2
SRGD   -69.347834  -22.871138  1899.8
SPAT   -68.178787  -22.952066  2432.5
PMEJ   -70.448375  -23.100818    49.0
VLZL   -69.964695  -23.117224  1555.3
JRGN   -70.574902  -23.288908   331.0
UCNF   -70.409270  -23.678967    72.7
CRIS   -70.386789  -24.167978  1909.3
PRNL   -70.384046  -24.604585  2545.9
PAPO   -70.495260  -25.108328    45.3
CGUA   -69.590325  -25.162623  2537.9
TTAL   -70.425783  -25.420716  1090.7
CIFU   -70.647004  -25.652596    33.8
PAZU   -70.598691  -26.147907   376.7
FMCO   -70.694302  -26.578903    52.2
MRCG   -69.130201  -26.835325  3983.0
TUCU   -65.230354  -26.843254   485.1
BING   -70.857485  -27.132612    47.7
ALUM   -66.596628  -27.323426  2737.0
UDAT   -70.354431  -27.357234   404.9
COPO   -70.338236  -27.384526   479.1
TAMR   -70.234648  -27.593836    NaN
LLCH   -71.081480  -28.190342   248.0
HSCO   -71.226585  -28.461456    44.3
CATA   -65.774120  -28.470985   547.3
VALL   -70.764375  -28.571975   378.0
TRST   -70.273812  -28.836265  1265.7
CMPN   -70.685824  -29.028204  2416.1
CRZL   -71.409734  -29.101635   134.9
SILL   -70.738744  -29.254904  2351.3
LHOR   -71.297471  -29.575945   201.2
LSCH   -71.246041  -29.908191    78.8
JUNT   -70.093592  -29.976583  2141.2
TOLO   -70.806050  -30.169891  2230.0
PVCA   -71.623243  -30.267516   139.2
OVLL   -71.203895  -30.603745   249.1
PFRJ   -71.635450  -30.674747   207.4
PEDR   -70.689127  -30.838968   970.5
EMAT   -71.662681  -31.146674    46.7
CMBA   -70.998964  -31.188195   663.7
CNBA   -71.457956  -31.398220   317.1
UCOR   -64.193506  -31.434960   463.0
CFAG   -68.232648  -31.602167   702.6
SLMC   -70.962793  -31.777019   547.8
CSLO   -69.302214  -31.784887  2638.8
LVIL   -71.513843  -31.909238    NaN
SLM1   -70.974509  -32.043346  2381.4
ZAPA   -71.465580  -32.552760    33.3
CTPC   -71.297602  -32.561140   104.7
PORT   -70.129722  -32.835000    NaN
LNDS   -70.575553  -32.839552   883.6
ROB1   -71.015845  -32.975826  2208.7
ROBL   -71.015067  -32.976448  2230.2
TRPD   -71.647467  -33.022810    61.8
VALP   -71.626091  -33.027243    31.4
VALN   -71.635024  -33.027927   119.1
BN05   -71.623909  -33.043333    94.5
SANT   -70.668553  -33.150288   723.1
SL01   -66.314010  -33.156356   864.8
QTAY   -71.702244  -33.192722    39.8
MZAE   -68.150061  -33.254843   635.7
VNEV   -70.249066  -33.353573  3097.9
QSCO   -71.701949  -33.391888    31.1
ACPM   -70.537434  -33.447180   724.7
DGF1   -70.661720  -33.457281   581.6
CCSN   -70.663900  -33.462980    NaN
UAIB   -70.509774  -33.493236  1079.5
UADI   -70.509855  -33.493606    NaN
ARJF   -78.836639  -33.628972   410.2
RCSD   -71.613480  -33.654413    92.5
TLGT   -70.988791  -33.776321  1348.8
LMEL   -70.203888  -33.826062  1910.9
NAVI   -71.824629  -33.952673   145.7
CHDA   -70.608956  -33.988980   668.0
BAVE   -70.765572  -34.167583   513.9
LEMU   -72.003438  -34.391045    46.5
PCMU   -71.961162  -34.496159   150.5
MZAS   -68.334515  -34.614902   729.3
SBLL   -70.780699  -34.792085   898.5
ILOC   -72.178993  -34.948774    28.2
HLN2   -71.930185  -35.009892    75.6
HLNE   -71.744830  -35.004640    50.9
CONS   -72.412118  -35.330954    40.0
UTAL   -71.637146  -35.406174    NaN
SJAV   -71.732512  -35.595356   119.6
MAUL   -70.821466  -35.809594  1184.7
PELL   -72.605574  -35.827888   102.9
QLAP   -72.125478  -36.084485   181.9
VITA   -72.864694  -36.423556    35.2
CLL1   -72.079963  -36.595070   154.4
HLPN   -73.190250  -36.747817    71.0
CONZ   -73.025515  -36.843768   180.5
PLVP   -73.585030  -37.148831    59.2
ANTC   -71.532063  -37.338699   745.4
LAJA   -71.376435  -37.385532  1437.6
UDEC   -72.344789  -37.472301   178.6
PECL   -73.650573  -37.686977   100.6
LHCL   -65.595248  -38.002659   404.6
MOCH   -73.904791  -38.410095    NaN
IMCH   -73.885260  -38.412012    43.6
LNQM   -71.361879  -38.455220   940.4
TMCO   -72.613726  -38.764769   137.3
MA01   -68.057352  -38.951049   323.5
LLFN   -71.788960  -39.333051   389.8
CRRH   -71.472561  -39.583537  1228.9
PGLL   -72.345499  -39.632161   275.4
NIEB   -73.401104  -39.868741    57.6
OSOR   -73.103619  -40.597245    84.3
PTRO   -72.402922  -41.138143    NaN
MUER   -73.471340  -41.405200   189.2
PMO1   -72.938933  -41.468593    77.1
QLLN   -73.664244  -43.114180   197.9
FUTF   -71.848395  -43.190539   381.9
RMBA   -72.953346  -43.775127    30.0
TPYU   -72.648101  -44.420879    28.9
AYSE   -72.681336  -45.396450    29.6
COYQ   -71.892081  -45.514340   476.2
PUMA   -72.947253  -46.726081    NaN
TRTL   -73.541046  -47.803102    99.2
CAST   -72.338229  -51.270601    NaN
CSOM   -69.224050  -52.780826    84.7
IRSC   -71.569844  -52.857376    94.1
PARC   -70.879880  -53.136958    21.5
PTAR   -71.049586  -53.155240    NaN
PWIL   -67.630397  -54.932146    36.0